$ANSIBLE_VAULT;1.1;AES256
32353332396632346266623763346566326263653464326636373638393565346234333062396435
3865643137626166643661313865623163303263656362630a326262643865626231336439663432
34653464663633373132313437306537303531303039396563373962393033326138373566363931
3465376530613161370a613337643236333163343034343033376532373133383061326663323063
36383933643336303536656564303036316532373330353936653262313132363734366366396535
34306331326138306166353537623238643635356463343566643066383037303032623332326661
64346133356566366439656239343732393134306636353838616539366561376362326665623732
35356131646138373935623532393338613732666466306465306133646362353831356563363864
32616234303830373838613764656463306666316435646438336639323063323463623238373938
39396232646434666265303236663730313438323939633562303366303866633238653861613533
38623233393365623635626539393535326530326335353033373033396630656138346338396465
34353463376134666533313137363934663736646262623538363837363030636561343264663663
61326364313634303534643964316239366366326263633833356632666530343136383238343830
38326265623334386263306566346637323032313337316464626632313463353931646533653765
61393932616537623263363538656532326161316232656534356363323265313339323164656531
63356639383062626665366332373065316338363066656439363135646436343861326361626532
63363133643334396131313431336561346164613736303165616637613131353734346337343939
62373434636636623963323430363861343132663235613130373439306636373034353864383732
34346337363532663039396633346464396536363563626330353362633063313035386563616664
35323031623139623634383239653433396130303032353639343238623464396335373065643361
64373930343830393834313666613164623362346366316632303464613063343238336637323237
34373031636635366361666564393466386437663465313737396234623561386630383431343833
63333065353733313961363430393534346364356635343337373862623565613065663739343765
61373264396261323466383735373734353038626466633234346439306233613534613030363133
3265
